 # e    entropy
  0.10000000000000001       0.53241075897956469     
  0.20000000000000001       0.55477376294533653     
  0.30000000000000004       0.57737742276553483     
  0.40000000000000002       0.57746257007359891     
  0.50000000000000000       0.58961440812707000     
  0.60000000000000009       0.59226257724185427     
  0.70000000000000007       0.57135488712123983     
  0.80000000000000004       0.51120556973330944     
  0.90000000000000002       0.53975343453964209     
   1.0000000000000000       0.16781945951350372     
   1.1000000000000001       0.18078522989300422     
   1.2000000000000002       0.20126034594501110     
   1.3000000000000000       0.21182303905388436     
   1.4000000000000001       0.22614481343528375     
   1.5000000000000000       0.23608151377879219     
   1.6000000000000001       0.25162964802753468     
   1.7000000000000002       0.26461907312852340     
   1.8000000000000000       0.27508496317511200     
   1.9000000000000001       0.28948103231043293     
   2.0000000000000000       0.30393801784943841     
   2.1000000000000001       0.31211555945267849     
   2.2000000000000002       0.32542381166379880     
   2.3000000000000003       0.33729485852687435     
   2.4000000000000004       0.34610247636050262     
   2.5000000000000000       0.36734092345652591     
   2.6000000000000001       0.37327127976392838     
   2.7000000000000002       0.38150107935550870     
   2.8000000000000003       0.39443823817906226     
   2.9000000000000004       0.40608741260862885     
   3.0000000000000000       0.41624862443693245     
