 # e    entropy
  0.10000000000000001       0.58260257888776923     
  0.20000000000000001       0.63434125520792450     
  0.30000000000000004       0.69537108105442136     
  0.40000000000000002       0.72711666680114639     
  0.50000000000000000       0.75108562451914052     
  0.60000000000000009       0.73834701907712430     
  0.70000000000000007       0.72082977455337516     
  0.80000000000000004       0.63588357170368814     
  0.90000000000000002       0.45815900833816114     
   1.0000000000000000        0.0000000000000000     
   1.1000000000000001        0.0000000000000000     
   1.2000000000000002        0.0000000000000000     
   1.3000000000000000        0.0000000000000000     
   1.4000000000000001        0.0000000000000000     
   1.5000000000000000        0.0000000000000000     
   1.6000000000000001        0.0000000000000000     
   1.7000000000000002        0.0000000000000000     
   1.8000000000000000        0.0000000000000000     
   1.9000000000000001        0.0000000000000000     
   2.0000000000000000        0.0000000000000000     
   2.1000000000000001        0.0000000000000000     
   2.2000000000000002        0.0000000000000000     
   2.3000000000000003        0.0000000000000000     
   2.4000000000000004        0.0000000000000000     
   2.5000000000000000        0.0000000000000000     
   2.6000000000000001        0.0000000000000000     
   2.7000000000000002        0.0000000000000000     
   2.8000000000000003        0.0000000000000000     
   2.9000000000000004        0.0000000000000000     
   3.0000000000000000        0.0000000000000000     
