 # e    entropy
  0.10000000000000001       0.52966628646926162     
  0.20000000000000001       0.53146957460968591     
  0.30000000000000004       0.55209790331161301     
  0.40000000000000002       0.55547596939774069     
  0.50000000000000000       0.58216635021937568     
  0.60000000000000009       0.58754136472544216     
  0.70000000000000007       0.58522597491869277     
  0.80000000000000004       0.60708481112995105     
  0.90000000000000002       0.59164070913374944     
   1.0000000000000000       0.61298423237100852     
   1.1000000000000001       0.62426116775030593     
   1.2000000000000002       0.63785246098004211     
   1.3000000000000000       0.62303885182384589     
   1.4000000000000001       0.63245937301759581     
   1.5000000000000000       0.64949190953633751     
   1.6000000000000001       0.63726540172483048     
   1.7000000000000002       0.63340457199366695     
   1.8000000000000000       0.59272376758230438     
   1.9000000000000001       0.56079843529956608     
   2.0000000000000000       0.57178342942587168     
   2.1000000000000001       0.58833986631172341     
   2.2000000000000002       0.46775263679573437     
   2.3000000000000003       0.34157964800101387     
   2.4000000000000004       0.34894731729241779     
   2.5000000000000000       0.36238327310655505     
   2.6000000000000001       0.37180952247610710     
   2.7000000000000002       0.38559984446861001     
   2.8000000000000003       0.39064543788446388     
   2.9000000000000004       0.40371402713049859     
   3.0000000000000000       0.41464320043185565     
