 # e    entropy
  0.50000000000000000       0.75108562451914052     
  0.51000000000000001       0.74518610761735948     
  0.52000000000000002       0.76376035245825158     
  0.53000000000000003       0.74167206806347297     
  0.54000000000000004       0.74082621550986238     
  0.55000000000000004       0.74482992308414697     
  0.56000000000000005       0.74595896593332389     
  0.57000000000000006       0.73661873582877702     
  0.57999999999999996       0.74227676114285723     
  0.58999999999999997       0.75435594136984585     
  0.59999999999999998       0.73834701907712430     
  0.60999999999999999       0.73425356174674306     
  0.62000000000000000       0.72146364337571245     
  0.63000000000000000       0.73801061427292181     
  0.64000000000000001       0.73521558525064146     
  0.65000000000000002       0.72813869594716729     
  0.66000000000000003       0.72044062572128775     
  0.67000000000000004       0.72086442292672492     
  0.68000000000000005       0.72017703542392575     
  0.69000000000000006       0.70688832640850974     
  0.70000000000000007       0.72082977455337516     
  0.70999999999999996       0.71329212565608324     
  0.71999999999999997       0.70564104709085584     
  0.72999999999999998       0.69397074625379418     
  0.73999999999999999       0.68252105134365104     
  0.75000000000000000       0.68752417622014528     
  0.76000000000000001       0.67584368311708498     
  0.77000000000000002       0.66221024977318976     
  0.78000000000000003       0.65857531849221285     
  0.79000000000000004       0.64100818871704335     
  0.80000000000000004       0.63588357170368814     
  0.81000000000000005       0.62914971861911229     
  0.82000000000000006       0.61363813562628111     
  0.83000000000000007       0.60200331206049496     
  0.83999999999999997       0.58591012201484283     
  0.84999999999999998       0.57142454049229574     
  0.85999999999999999       0.54598994431631731     
  0.87000000000000000       0.52336536078952334     
  0.88000000000000000       0.50697354925421012     
  0.89000000000000001       0.48810997325141725     
  0.90000000000000002       0.45815900833816114     
  0.91000000000000003       0.43068852341367347     
  0.92000000000000004       0.41176168683331743     
  0.93000000000000005       0.34587613443077009     
  0.94000000000000006       0.32141130970601850     
  0.95000000000000007       0.27808080266384400     
  0.95999999999999996       0.19949386378980988     
  0.96999999999999997       0.11752659842506290     
  0.97999999999999998        1.9712262653616485E-002
  0.98999999999999999        0.0000000000000000     
   1.0000000000000000        0.0000000000000000     
   1.0100000000000000        0.0000000000000000     
   1.0200000000000000        0.0000000000000000     
   1.0300000000000000        0.0000000000000000     
   1.0400000000000000        0.0000000000000000     
   1.0500000000000000        0.0000000000000000     
   1.0600000000000001        0.0000000000000000     
   1.0700000000000001        0.0000000000000000     
   1.0800000000000001        0.0000000000000000     
   1.0900000000000001        0.0000000000000000     
   1.1000000000000001        0.0000000000000000     
   1.1100000000000001        0.0000000000000000     
   1.1200000000000001        0.0000000000000000     
   1.1300000000000001        0.0000000000000000     
   1.1400000000000001        0.0000000000000000     
   1.1500000000000001        0.0000000000000000     
   1.1599999999999999        0.0000000000000000     
   1.1699999999999999        0.0000000000000000     
   1.1799999999999999        0.0000000000000000     
   1.1899999999999999        0.0000000000000000     
   1.2000000000000000        0.0000000000000000     
   1.2100000000000000        0.0000000000000000     
   1.2200000000000000        0.0000000000000000     
   1.2300000000000000        0.0000000000000000     
   1.2400000000000000        0.0000000000000000     
   1.2500000000000000        0.0000000000000000     
   1.2600000000000000        0.0000000000000000     
   1.2700000000000000        0.0000000000000000     
   1.2800000000000000        0.0000000000000000     
   1.2900000000000000        0.0000000000000000     
   1.3000000000000000        0.0000000000000000     
   1.3100000000000001        0.0000000000000000     
   1.3200000000000001        0.0000000000000000     
   1.3300000000000001        0.0000000000000000     
   1.3400000000000001        0.0000000000000000     
   1.3500000000000001        0.0000000000000000     
   1.3600000000000001        0.0000000000000000     
   1.3700000000000001        0.0000000000000000     
   1.3800000000000001        0.0000000000000000     
   1.3900000000000001        0.0000000000000000     
   1.4000000000000001        0.0000000000000000     
   1.4099999999999999        0.0000000000000000     
   1.4199999999999999        0.0000000000000000     
   1.4299999999999999        0.0000000000000000     
   1.4399999999999999        0.0000000000000000     
   1.4500000000000000        0.0000000000000000     
   1.4600000000000000        0.0000000000000000     
   1.4700000000000000        0.0000000000000000     
   1.4800000000000000        0.0000000000000000     
   1.4900000000000000        0.0000000000000000     
   1.5000000000000000        0.0000000000000000     
