 # e    entropy
   1.5000000000000000       0.64949190953633751     
   1.5100000000000000       0.64514656802045511     
   1.5200000000000000       0.62163546151739302     
   1.5300000000000000       0.64343113682158637     
   1.5400000000000000       0.63519029572288777     
   1.5500000000000000       0.63443933062886271     
   1.5600000000000001       0.64773979865733577     
   1.5700000000000001       0.61573126739341966     
   1.5800000000000001       0.64234039630823669     
   1.5900000000000001       0.62796364816283001     
   1.6000000000000001       0.63726540172483048     
   1.6100000000000001       0.63658731985267025     
   1.6200000000000001       0.62616975247729245     
   1.6300000000000001       0.62712621760759490     
   1.6400000000000001       0.63492701633033244     
   1.6500000000000001       0.62330256698436537     
   1.6600000000000001       0.61689987174991545     
   1.6699999999999999       0.61974016008212285     
   1.6799999999999999       0.61076045886046848     
   1.6899999999999999       0.66464306429514008     
   1.7000000000000000       0.63340457199366695     
   1.7100000000000000       0.64460740958513552     
   1.7200000000000000       0.60534646457506303     
   1.7300000000000000       0.62295403775110059     
   1.7400000000000000       0.59547678855473773     
   1.7500000000000000       0.60923125786874122     
   1.7600000000000000       0.60592278748076345     
   1.7700000000000000       0.60661707076124072     
   1.7800000000000000       0.57717311296396101     
   1.7900000000000000       0.60354936767213485     
   1.8000000000000000       0.59272376758230438     
   1.8100000000000001       0.59474236918763856     
   1.8200000000000001       0.58883206498119056     
   1.8300000000000001       0.57631269639641880     
   1.8400000000000001       0.61335283113147154     
   1.8500000000000001       0.59051302268942296     
   1.8600000000000001       0.57880580454948261     
   1.8700000000000001       0.58451798178548242     
   1.8800000000000001       0.55725449533329841     
   1.8900000000000001       0.58624608541329459     
   1.9000000000000001       0.56079843529956608     
   1.9100000000000001       0.57135751439882676     
   1.9199999999999999       0.56015637162864906     
   1.9299999999999999       0.56044645774661150     
   1.9399999999999999       0.58017800473065151     
   1.9500000000000000       0.57564477906628209     
   1.9600000000000000       0.56718488006982604     
   1.9700000000000000       0.56951311067604238     
   1.9800000000000000       0.56951127886474129     
   1.9900000000000000       0.57679098878600121     
   2.0000000000000000       0.57178342942587168     
   2.0100000000000002       0.57527816273144661     
   2.0200000000000000       0.57672314612843967     
   2.0300000000000002       0.57776684643253473     
   2.0400000000000000       0.57569642248125152     
   2.0499999999999998       0.58046215660757206     
   2.0600000000000001       0.58009818905218702     
   2.0699999999999998       0.58429201282585808     
   2.0800000000000001       0.58406718761191234     
   2.0899999999999999       0.58588350639010123     
   2.1000000000000001       0.58833986631172341     
   2.1099999999999999       0.58919020314537252     
   2.1200000000000001       0.58931995783760072     
   2.1299999999999999       0.59195385150202418     
   2.1400000000000001       0.59255543559501278     
   2.1499999999999999       0.59069369731088595     
   2.1600000000000001       0.59063675596981147     
   2.1699999999999999       0.58514374735253805     
   2.1800000000000002       0.56838729379200126     
   2.1899999999999999       0.50650186891303728     
   2.2000000000000002       0.46775263679573437     
   2.2100000000000000       0.39739853544146264     
   2.2200000000000002       0.36468388544923286     
   2.2300000000000000       0.34279460593255795     
   2.2400000000000002       0.32931533789183537     
   2.2500000000000000       0.33478592830144344     
   2.2600000000000002       0.33382527318414645     
   2.2700000000000000       0.33534916696843509     
   2.2800000000000002       0.32998800571395392     
   2.2900000000000000       0.33553430731507311     
   2.3000000000000003       0.34157964800101387     
   2.3100000000000001       0.33681936268562646     
   2.3199999999999998       0.33729846125482960     
   2.3300000000000001       0.34917158140388682     
   2.3399999999999999       0.34081947771872712     
   2.3500000000000001       0.33942000219266688     
   2.3599999999999999       0.34474293342365031     
   2.3700000000000001       0.34424305176595110     
   2.3799999999999999       0.34474069375296224     
   2.3900000000000001       0.34859327739492502     
   2.3999999999999999       0.34894731729241779     
   2.4100000000000001       0.34934875845732138     
   2.4199999999999999       0.35138834619415871     
   2.4300000000000002       0.35397496985959132     
   2.4399999999999999       0.35970526874633979     
   2.4500000000000002       0.35466654986081309     
   2.4600000000000000       0.35589517278254534     
   2.4700000000000002       0.35886783546523882     
   2.4800000000000000       0.36088643674897902     
   2.4900000000000002       0.36340380203698502     
   2.5000000000000000       0.36238327310655505     
