 # e    entropy
  0.50000000000000000       0.58961440812707000     
  0.51000000000000001       0.59258330025856254     
  0.52000000000000002       0.59128115720425012     
  0.53000000000000003       0.59340673200762339     
  0.54000000000000004       0.57442812771842999     
  0.55000000000000004       0.59452537037732389     
  0.56000000000000005       0.59990579682087031     
  0.57000000000000006       0.58708583232756140     
  0.57999999999999996       0.58929215131105006     
  0.58999999999999997       0.59629035593639701     
  0.59999999999999998       0.59226257724185427     
  0.60999999999999999       0.60382962037300125     
  0.62000000000000000       0.60782344642699582     
  0.63000000000000000       0.61245111819980502     
  0.64000000000000001       0.58471618532656555     
  0.65000000000000002       0.59248539311353521     
  0.66000000000000003       0.57926278928897545     
  0.67000000000000004       0.58474644006187282     
  0.68000000000000005       0.59234880902141174     
  0.69000000000000006       0.59611742537366508     
  0.70000000000000007       0.57135488712123983     
  0.70999999999999996       0.58203904201566981     
  0.71999999999999997       0.56528754657288371     
  0.72999999999999998       0.57458880162548021     
  0.73999999999999999       0.58991900641716111     
  0.75000000000000000       0.54060347366747108     
  0.76000000000000001       0.53084510940620411     
  0.77000000000000002       0.56508978015813860     
  0.78000000000000003       0.54558224965845303     
  0.79000000000000004       0.53195090541663037     
  0.80000000000000004       0.51120556973330944     
  0.81000000000000005       0.52416374379508501     
  0.82000000000000006       0.51233519156401564     
  0.83000000000000007       0.52299207040135887     
  0.83999999999999997       0.51959533387113555     
  0.84999999999999998       0.53153704816395264     
  0.85999999999999999       0.52553611521096744     
  0.87000000000000000       0.52826818578429358     
  0.88000000000000000       0.53914956953660864     
  0.89000000000000001       0.53967249512674387     
  0.90000000000000002       0.53975343453964209     
  0.91000000000000003       0.54634437798751900     
  0.92000000000000004       0.54545629569473475     
  0.93000000000000005       0.54998575066901101     
  0.94000000000000006       0.55333182137871406     
  0.95000000000000007       0.52789892083115320     
  0.95999999999999996       0.40114456578492397     
  0.96999999999999997       0.23677815694992566     
  0.97999999999999998       0.18296341706276992     
  0.98999999999999999       0.16582712526428317     
   1.0000000000000000       0.16781945951350372     
   1.0100000000000000       0.16906513261038369     
   1.0200000000000000       0.17129486606456074     
   1.0300000000000000       0.17339469384842104     
   1.0400000000000000       0.17700351185763327     
   1.0500000000000000       0.17433511347168784     
   1.0600000000000001       0.17462707445262882     
   1.0700000000000001       0.17871844555549077     
   1.0800000000000001       0.18090493224793125     
   1.0900000000000001       0.18133415819293555     
   1.1000000000000001       0.18078522989300422     
   1.1100000000000001       0.18433216124716223     
   1.1200000000000001       0.18262577608883840     
   1.1300000000000001       0.18764659952724771     
   1.1400000000000001       0.18690118671243997     
   1.1500000000000001       0.18732280261944190     
   1.1599999999999999       0.18934845828133900     
   1.1699999999999999       0.19468681931923965     
   1.1799999999999999       0.19442537888337350     
   1.1899999999999999       0.19301482926890395     
   1.2000000000000000       0.20126034594501110     
   1.2100000000000000       0.19764556924764565     
   1.2200000000000000       0.20056681699393980     
   1.2300000000000000       0.20631372515251570     
   1.2400000000000000       0.20256503967552283     
   1.2500000000000000       0.20384914520972747     
   1.2600000000000000       0.20366491522794830     
   1.2700000000000000       0.20760949236279441     
   1.2800000000000000       0.21058974383187545     
   1.2900000000000000       0.21229997915733501     
   1.3000000000000000       0.21182303905388436     
   1.3100000000000001       0.20741229425156590     
   1.3200000000000001       0.21370198628899562     
   1.3300000000000001       0.21367333968377961     
   1.3400000000000001       0.21359299108217661     
   1.3500000000000001       0.21678137961666213     
   1.3600000000000001       0.21923260240406411     
   1.3700000000000001       0.22317144072868353     
   1.3800000000000001       0.21798470128577727     
   1.3900000000000001       0.22322418160121513     
   1.4000000000000001       0.22614481343528375     
   1.4099999999999999       0.22926406746560726     
   1.4199999999999999       0.22828069823040867     
   1.4299999999999999       0.22581552543579730     
   1.4399999999999999       0.23225352608927582     
   1.4500000000000000       0.22811732800051585     
   1.4600000000000000       0.23490715166877824     
   1.4700000000000000       0.23191978490132853     
   1.4800000000000000       0.23810860145880741     
   1.4900000000000000       0.23512915753911065     
   1.5000000000000000       0.23608151377879219     
