 # e    entropy
   1.5000000000000000       0.68752417622014528     
   1.5100000000000000       0.68174162545382522     
   1.5200000000000000       0.67584368311708498     
   1.5300000000000000       0.67760706526847225     
   1.5400000000000000       0.66221024977318976     
   1.5500000000000000       0.64719545588837279     
   1.5600000000000001       0.65857531849221285     
   1.5700000000000001       0.65229903141756762     
   1.5800000000000001       0.64100818871704335     
   1.5900000000000001       0.64121196441506734     
   1.6000000000000001       0.63588357170368814     
   1.6100000000000001       0.63831429512471560     
   1.6200000000000001       0.62914971861911229     
   1.6300000000000001       0.62393140121802071     
   1.6400000000000001       0.61363813562628111     
   1.6500000000000001       0.60926228390894988     
   1.6600000000000001       0.60200331206049496     
   1.6699999999999999       0.59862402063995923     
   1.6799999999999999       0.58591012201484283     
   1.6899999999999999       0.57080204213508146     
   1.7000000000000000       0.57142454049229574     
   1.7100000000000000       0.55942940077236913     
   1.7200000000000000       0.54598994431631731     
   1.7300000000000000       0.54714107204327711     
   1.7400000000000000       0.52336536078952334     
   1.7500000000000000       0.50937404205088399     
   1.7600000000000000       0.50697354925421012     
   1.7700000000000000       0.49640826419321049     
   1.7800000000000000       0.48810997325141725     
   1.7900000000000000       0.47525618861751356     
   1.8000000000000000       0.45815900833816114     
   1.8100000000000001       0.44475365539529471     
   1.8200000000000001       0.43068852341367347     
   1.8300000000000001       0.42170324083233762     
   1.8400000000000001       0.41176168683331743     
   1.8500000000000001       0.37587624328430080     
   1.8600000000000001       0.34587613443077009     
   1.8700000000000001       0.32726135546842011     
   1.8800000000000001       0.32141130970601850     
   1.8900000000000001       0.28911687201251768     
   1.9000000000000001       0.27808080266384400     
   1.9100000000000001       0.23831712998841861     
   1.9199999999999999       0.19949386378980988     
   1.9299999999999999       0.16524379862530886     
   1.9399999999999999       0.11752659842506290     
   1.9500000000000000        5.3363081052587677E-002
   1.9600000000000000        1.9712262653616485E-002
   1.9700000000000000        4.8353764003161185E-003
   1.9800000000000000        0.0000000000000000     
   1.9900000000000000        0.0000000000000000     
   2.0000000000000000        0.0000000000000000     
   2.0100000000000002        0.0000000000000000     
   2.0200000000000000        0.0000000000000000     
   2.0300000000000002        0.0000000000000000     
   2.0400000000000000        0.0000000000000000     
   2.0499999999999998        0.0000000000000000     
   2.0600000000000001        0.0000000000000000     
   2.0699999999999998        0.0000000000000000     
   2.0800000000000001        0.0000000000000000     
   2.0899999999999999        0.0000000000000000     
   2.1000000000000001        0.0000000000000000     
   2.1099999999999999        0.0000000000000000     
   2.1200000000000001        0.0000000000000000     
   2.1299999999999999        0.0000000000000000     
   2.1400000000000001        0.0000000000000000     
   2.1499999999999999        0.0000000000000000     
   2.1600000000000001        0.0000000000000000     
   2.1699999999999999        0.0000000000000000     
   2.1800000000000002        0.0000000000000000     
   2.1899999999999999        0.0000000000000000     
   2.2000000000000002        0.0000000000000000     
   2.2100000000000000        0.0000000000000000     
   2.2200000000000002        0.0000000000000000     
   2.2300000000000000        0.0000000000000000     
   2.2400000000000002        0.0000000000000000     
   2.2500000000000000        0.0000000000000000     
   2.2600000000000002        0.0000000000000000     
   2.2700000000000000        0.0000000000000000     
   2.2800000000000002        0.0000000000000000     
   2.2900000000000000        0.0000000000000000     
   2.3000000000000003        0.0000000000000000     
   2.3100000000000001        0.0000000000000000     
   2.3199999999999998        0.0000000000000000     
   2.3300000000000001        0.0000000000000000     
   2.3399999999999999        0.0000000000000000     
   2.3500000000000001        0.0000000000000000     
   2.3599999999999999        0.0000000000000000     
   2.3700000000000001        0.0000000000000000     
   2.3799999999999999        0.0000000000000000     
   2.3900000000000001        0.0000000000000000     
   2.3999999999999999        0.0000000000000000     
   2.4100000000000001        0.0000000000000000     
   2.4199999999999999        0.0000000000000000     
   2.4300000000000002        0.0000000000000000     
   2.4399999999999999        0.0000000000000000     
   2.4500000000000002        0.0000000000000000     
   2.4600000000000000        0.0000000000000000     
   2.4700000000000002        0.0000000000000000     
   2.4800000000000000        0.0000000000000000     
   2.4900000000000002        0.0000000000000000     
   2.5000000000000000        0.0000000000000000     
