 # e    sum(rho)     product(rho)
  0.50000000000000000       0.65795999999999999        1.0492899331860002     
  0.51000000000000001       0.65322999999999998        1.0320064682256000     
  0.52000000000000002       0.64141999999999988       0.97669080603040004     
  0.53000000000000003       0.64049000000000000       0.97094025229600012     
  0.54000000000000004       0.63080999999999998       0.91161079804079981     
  0.55000000000000004       0.62229999999999996       0.87230880903599994     
  0.56000000000000005       0.61321999999999988       0.84645080643419990     
  0.57000000000000006       0.60816999999999999       0.82982168846719995     
  0.57999999999999996       0.59814000000000012       0.78523527525299996     
  0.58999999999999997       0.58714000000000000       0.74691617647399999     
  0.59999999999999998       0.57887000000000000       0.70802455600800007     
  0.60999999999999999       0.57250999999999996       0.69178526730089973     
  0.62000000000000000       0.57208999999999999       0.66624868815839999     
  0.63000000000000000       0.55804999999999993       0.64271527844039988     
  0.64000000000000001       0.54496999999999995       0.58292073128800004     
  0.65000000000000002       0.53537000000000001       0.56244779731000005     
  0.66000000000000003       0.53432000000000002       0.51537721723179997     
  0.67000000000000004       0.52289000000000008       0.52891775627110005     
  0.68000000000000005       0.51597000000000004       0.50699298970320006     
  0.69000000000000006       0.50297999999999998       0.46618722106799992     
  0.70000000000000007       0.49259000000000003       0.43873136720290001     
  0.70999999999999996       0.48498999999999998       0.42010337134919995     
  0.71999999999999997       0.46959000000000001       0.37853910522000006     
  0.72999999999999998       0.46159000000000000       0.35848574143200002     
  0.73999999999999999       0.45351999999999998       0.30087155521280001     
  0.75000000000000000       0.44519000000000003       0.31902903088000001     
  0.76000000000000001       0.42983999999999989       0.29143210095520000     
  0.77000000000000002       0.41889000000000004       0.25534322043750007     
  0.78000000000000003       0.40960000000000002       0.23656673843360010     
  0.79000000000000004       0.39499000000000006       0.22741726380800004     
  0.80000000000000004       0.38232999999999995       0.19802892312000003     
  0.81000000000000005       0.37608000000000003       0.18523015156620001     
  0.82000000000000006       0.35702000000000000       0.16318764209279998     
  0.83000000000000007       0.34671000000000002       0.15386666420930001     
  0.83999999999999997       0.33283999999999997       0.12286895383659999     
  0.84999999999999998       0.31951000000000002       0.11594726420239998     
  0.85999999999999999       0.29857000000000006        9.6185832112800004E-002
  0.87000000000000000       0.28297000000000000        7.2663591985199991E-002
  0.88000000000000000       0.26928000000000002        4.6666944323999995E-002
  0.89000000000000001       0.25729000000000002        5.9280221250000008E-002
  0.90000000000000002       0.23457000000000000        4.7701476590399992E-002
  0.91000000000000003       0.21593999999999997        3.3246939590999995E-002
  0.92000000000000004       0.20527999999999999        3.0828353110800000E-002
  0.93000000000000005       0.16946000000000000        1.0835820217000001E-002
  0.94000000000000006       0.15548000000000001        1.1555689891200000E-002
  0.95000000000000007       0.13028000000000001        7.8494406671999976E-003
  0.95999999999999996        9.1049999999999992E-002   2.5315763903999999E-003
  0.96999999999999997        5.3289999999999990E-002   5.1697313039999982E-004
  0.97999999999999998        8.9999999999999993E-003   1.7812289999999995E-006
  0.98999999999999999        0.0000000000000000        0.0000000000000000     
   1.0000000000000000        0.0000000000000000        0.0000000000000000     
   1.0100000000000000        0.0000000000000000        0.0000000000000000     
   1.0200000000000000        0.0000000000000000        0.0000000000000000     
   1.0300000000000000        0.0000000000000000        0.0000000000000000     
   1.0400000000000000        0.0000000000000000        0.0000000000000000     
   1.0500000000000000        0.0000000000000000        0.0000000000000000     
   1.0600000000000001        0.0000000000000000        0.0000000000000000     
   1.0700000000000001        0.0000000000000000        0.0000000000000000     
   1.0800000000000001        0.0000000000000000        0.0000000000000000     
   1.0900000000000001        0.0000000000000000        0.0000000000000000     
   1.1000000000000001        0.0000000000000000        0.0000000000000000     
   1.1100000000000001        0.0000000000000000        0.0000000000000000     
   1.1200000000000001        0.0000000000000000        0.0000000000000000     
   1.1300000000000001        0.0000000000000000        0.0000000000000000     
   1.1400000000000001        0.0000000000000000        0.0000000000000000     
   1.1500000000000001        0.0000000000000000        0.0000000000000000     
   1.1599999999999999        0.0000000000000000        0.0000000000000000     
   1.1699999999999999        0.0000000000000000        0.0000000000000000     
   1.1799999999999999        0.0000000000000000        0.0000000000000000     
   1.1899999999999999        0.0000000000000000        0.0000000000000000     
   1.2000000000000000        0.0000000000000000        0.0000000000000000     
   1.2100000000000000        0.0000000000000000        0.0000000000000000     
   1.2200000000000000        0.0000000000000000        0.0000000000000000     
   1.2300000000000000        0.0000000000000000        0.0000000000000000     
   1.2400000000000000        0.0000000000000000        0.0000000000000000     
   1.2500000000000000        0.0000000000000000        0.0000000000000000     
   1.2600000000000000        0.0000000000000000        0.0000000000000000     
   1.2700000000000000        0.0000000000000000        0.0000000000000000     
   1.2800000000000000        0.0000000000000000        0.0000000000000000     
   1.2900000000000000        0.0000000000000000        0.0000000000000000     
   1.3000000000000000        0.0000000000000000        0.0000000000000000     
   1.3100000000000001        0.0000000000000000        0.0000000000000000     
   1.3200000000000001        0.0000000000000000        0.0000000000000000     
   1.3300000000000001        0.0000000000000000        0.0000000000000000     
   1.3400000000000001        0.0000000000000000        0.0000000000000000     
   1.3500000000000001        0.0000000000000000        0.0000000000000000     
   1.3600000000000001        0.0000000000000000        0.0000000000000000     
   1.3700000000000001        0.0000000000000000        0.0000000000000000     
   1.3800000000000001        0.0000000000000000        0.0000000000000000     
   1.3900000000000001        0.0000000000000000        0.0000000000000000     
   1.4000000000000001        0.0000000000000000        0.0000000000000000     
   1.4099999999999999        0.0000000000000000        0.0000000000000000     
   1.4199999999999999        0.0000000000000000        0.0000000000000000     
   1.4299999999999999        0.0000000000000000        0.0000000000000000     
   1.4399999999999999        0.0000000000000000        0.0000000000000000     
   1.4500000000000000        0.0000000000000000        0.0000000000000000     
   1.4600000000000000        0.0000000000000000        0.0000000000000000     
   1.4700000000000000        0.0000000000000000        0.0000000000000000     
   1.4800000000000000        0.0000000000000000        0.0000000000000000     
   1.4900000000000000        0.0000000000000000        0.0000000000000000     
   1.5000000000000000        0.0000000000000000        0.0000000000000000     
