 # e    sum(rho)     product(rho)
  0.50000000000000000       0.85818000000000016        1.5858389105790001     
  0.51000000000000001       0.85731000000000002        1.7342379135444996     
  0.52000000000000002       0.85399999999999987        1.7659381708799997     
  0.53000000000000003       0.85143999999999986        1.5917585597999999     
  0.54000000000000004       0.85530000000000006        1.3492253792238000     
  0.55000000000000004       0.85122999999999993        1.5847511287185003     
  0.56000000000000005       0.84863999999999995        1.5536726566170000     
  0.57000000000000006       0.84442000000000006        1.3854127641102003     
  0.57999999999999996       0.84210999999999991        1.2864501846764997     
  0.58999999999999997       0.83967000000000014        1.4127776213577004     
  0.59999999999999998       0.83766999999999991        1.3899427161599998     
  0.60999999999999999       0.83316000000000012        1.2808157803740003     
  0.62000000000000000       0.83240000000000003        1.2543533179758000     
  0.63000000000000000       0.82712000000000008        1.2175367543568001     
  0.64000000000000001       0.83329000000000009        1.1180914703504004     
  0.65000000000000002       0.82563999999999993        1.0574530896719998     
  0.66000000000000003       0.83023999999999987        1.0265002588800001     
  0.67000000000000004       0.82928000000000002       0.81864274329179987     
  0.68000000000000005       0.81765999999999983       0.98658484268579993     
  0.69000000000000006       0.81916999999999995        1.0380128985899997     
  0.70000000000000007       0.81583000000000006        1.4760440572185001     
  0.70999999999999996       0.81818999999999986        1.0548834387164996     
  0.71999999999999997       0.81015999999999999        1.3236200335050001     
  0.72999999999999998       0.80512999999999990        1.2676276690050998     
  0.73999999999999999       0.80188000000000004       0.91532790591659996     
  0.75000000000000000       0.79105000000000003       0.22382157540950001     
  0.76000000000000001       0.78066999999999998       0.41008713767719990     
  0.77000000000000002       0.80105999999999999       0.56761657680000011     
  0.78000000000000003       0.77583000000000002       0.17225905656960003     
  0.79000000000000004       0.77051999999999998       0.35518672369180004     
  0.80000000000000004       0.77549999999999997       0.63304769412480000     
  0.81000000000000005       0.76563999999999999       0.39961890629640007     
  0.82000000000000006       0.75662000000000007        0.0000000000000000     
  0.83000000000000007       0.75353999999999999        2.0882091131999999E-003
  0.83999999999999997       0.75051000000000001        0.0000000000000000     
  0.84999999999999998       0.74567000000000005        1.0731841848000002E-003
  0.85999999999999999       0.74307999999999996        0.0000000000000000     
  0.87000000000000000       0.74114999999999998        0.0000000000000000     
  0.88000000000000000       0.73038999999999998        0.0000000000000000     
  0.89000000000000001       0.72972000000000004        0.0000000000000000     
  0.90000000000000002       0.72902000000000000        0.0000000000000000     
  0.91000000000000003       0.72331999999999996        0.0000000000000000     
  0.92000000000000004       0.72144999999999992        0.0000000000000000     
  0.93000000000000005       0.72113000000000005        0.0000000000000000     
  0.94000000000000006       0.72043000000000001        0.0000000000000000     
  0.95000000000000007       0.75536000000000003        0.0000000000000000     
  0.95999999999999996       0.84301999999999988        0.0000000000000000     
  0.96999999999999997       0.92247999999999986        0.0000000000000000     
  0.97999999999999998       0.94312000000000018        0.0000000000000000     
  0.98999999999999999       0.94852000000000003        0.0000000000000000     
   1.0000000000000000       0.94799999999999984        0.0000000000000000     
   1.0100000000000000       0.94741999999999982        0.0000000000000000     
   1.0200000000000000       0.94663000000000008        0.0000000000000000     
   1.0300000000000000       0.94589999999999974        0.0000000000000000     
   1.0400000000000000       0.94468999999999992        0.0000000000000000     
   1.0500000000000000       0.94525999999999999        0.0000000000000000     
   1.0600000000000001       0.94504999999999995        0.0000000000000000     
   1.0700000000000001       0.94387999999999983        0.0000000000000000     
   1.0800000000000001       0.94323000000000001        0.0000000000000000     
   1.0900000000000001       0.94318000000000013        0.0000000000000000     
   1.1000000000000001       0.94325000000000014        0.0000000000000000     
   1.1100000000000001       0.94188999999999989        0.0000000000000000     
   1.1200000000000001       0.94238000000000000        0.0000000000000000     
   1.1300000000000001       0.94083000000000006        0.0000000000000000     
   1.1400000000000001       0.94083000000000006        0.0000000000000000     
   1.1500000000000001       0.94110999999999989        0.0000000000000000     
   1.1599999999999999       0.93993999999999978        0.0000000000000000     
   1.1699999999999999       0.93781999999999999        0.0000000000000000     
   1.1799999999999999       0.93811999999999995        0.0000000000000000     
   1.1899999999999999       0.93846000000000007        0.0000000000000000     
   1.2000000000000000       0.93573000000000006        0.0000000000000000     
   1.2100000000000000       0.93691000000000013        0.0000000000000000     
   1.2200000000000000       0.93566000000000005        0.0000000000000000     
   1.2300000000000000       0.93356999999999990        0.0000000000000000     
   1.2400000000000000       0.93499999999999994        0.0000000000000000     
   1.2500000000000000       0.93469000000000002        0.0000000000000000     
   1.2600000000000000       0.93464000000000014        0.0000000000000000     
   1.2700000000000000       0.93291000000000002        0.0000000000000000     
   1.2800000000000000       0.93191000000000002        0.0000000000000000     
   1.2900000000000000       0.93131999999999981        0.0000000000000000     
   1.3000000000000000       0.93159000000000014        0.0000000000000000     
   1.3100000000000001       0.93308000000000002        0.0000000000000000     
   1.3200000000000001       0.93016999999999983        0.0000000000000000     
   1.3300000000000001       0.93062999999999985        0.0000000000000000     
   1.3400000000000001       0.93061000000000005        0.0000000000000000     
   1.3500000000000001       0.92918999999999996        0.0000000000000000     
   1.3600000000000001       0.92842999999999998        0.0000000000000000     
   1.3700000000000001       0.92698000000000003        0.0000000000000000     
   1.3800000000000001       0.92891000000000012        0.0000000000000000     
   1.3900000000000001       0.92659999999999998        0.0000000000000000     
   1.4000000000000001       0.92577000000000020        0.0000000000000000     
   1.4099999999999999       0.92470999999999992        0.0000000000000000     
   1.4199999999999999       0.92469000000000001        0.0000000000000000     
   1.4299999999999999       0.92576000000000003        0.0000000000000000     
   1.4399999999999999       0.92282000000000008        0.0000000000000000     
   1.4500000000000000       0.92474999999999985        0.0000000000000000     
   1.4600000000000000       0.92258000000000018        0.0000000000000000     
   1.4700000000000000       0.92322000000000004        0.0000000000000000     
   1.4800000000000000       0.92052999999999996        0.0000000000000000     
   1.4900000000000000       0.92192999999999992        0.0000000000000000     
   1.5000000000000000       0.92142999999999997        0.0000000000000000     
