 # e    sum(rho)     product(rho)
   1.5000000000000000       0.44519000000000003       0.31902903088000001     
   1.5100000000000000       0.43739000000000000       0.29701467450719993     
   1.5200000000000000       0.42983999999999989       0.29143210095520000     
   1.5300000000000000       0.42735000000000001       0.28652479032239991     
   1.5400000000000000       0.41889000000000004       0.25534322043750007     
   1.5500000000000000       0.41417999999999999       0.16590574091520000     
   1.5600000000000001       0.40960000000000002       0.23656673843360010     
   1.5700000000000001       0.39770000000000000       0.23172066005399997     
   1.5800000000000001       0.39499000000000006       0.22741726380800004     
   1.5900000000000001       0.38611000000000006       0.21253889383759997     
   1.6000000000000001       0.38232999999999995       0.19802892312000003     
   1.6100000000000001       0.37682000000000004       0.19786724775720005     
   1.6200000000000001       0.37608000000000003       0.18523015156620001     
   1.6300000000000001       0.37035999999999997       0.16802241040339999     
   1.6400000000000001       0.35702000000000000       0.16318764209279998     
   1.6500000000000001       0.35597000000000001       0.14894851928680000     
   1.6600000000000001       0.34671000000000002       0.15386666420930001     
   1.6699999999999999       0.34290000000000004       0.14240208251360004     
   1.6799999999999999       0.33283999999999997       0.12286895383659999     
   1.6899999999999999       0.32349000000000006       0.12498108754560003     
   1.7000000000000000       0.31951000000000002       0.11594726420239998     
   1.7100000000000000       0.31068999999999997       0.10832440492639998     
   1.7200000000000000       0.29857000000000006        9.6185832112800004E-002
   1.7300000000000000       0.29666000000000003        9.6606396374400008E-002
   1.7400000000000000       0.28297000000000000        7.2663591985199991E-002
   1.7500000000000000       0.27375999999999995        7.0109395516799983E-002
   1.7600000000000000       0.26928000000000002        4.6666944323999995E-002
   1.7700000000000000       0.25917000000000001        6.4321259888400012E-002
   1.7800000000000000       0.25729000000000002        5.9280221250000008E-002
   1.7900000000000000       0.24407000000000001        5.0398448100000007E-002
   1.8000000000000000       0.23457000000000000        4.7701476590399992E-002
   1.8100000000000001       0.22807000000000005        4.2842453354000012E-002
   1.8200000000000001       0.21593999999999997        3.3246939590999995E-002
   1.8300000000000001       0.21058999999999997        3.3780732479999985E-002
   1.8400000000000001       0.20527999999999999        3.0828353110800000E-002
   1.8500000000000001       0.18585000000000002        1.7797906297599999E-002
   1.8600000000000001       0.16946000000000000        1.0835820217000001E-002
   1.8700000000000001       0.15735000000000002        1.3288221802000002E-002
   1.8800000000000001       0.15548000000000001        1.1555689891200000E-002
   1.8900000000000001       0.13589999999999999        9.2105162370000014E-003
   1.9000000000000001       0.13028000000000001        7.8494406671999976E-003
   1.9100000000000001       0.11012000000000000        4.7902138990000001E-003
   1.9199999999999999        9.1049999999999992E-002   2.5315763903999999E-003
   1.9299999999999999        7.4930000000000010E-002   8.3987109119999998E-004
   1.9399999999999999        5.3289999999999990E-002   5.1697313039999982E-004
   1.9500000000000000        2.4109999999999999E-002   3.0996240000000009E-005
   1.9600000000000000        8.9999999999999993E-003   1.7812289999999995E-006
   1.9700000000000000        2.3799999999999997E-003   0.0000000000000000     
   1.9800000000000000        0.0000000000000000        0.0000000000000000     
   1.9900000000000000        0.0000000000000000        0.0000000000000000     
   2.0000000000000000        0.0000000000000000        0.0000000000000000     
   2.0100000000000002        0.0000000000000000        0.0000000000000000     
   2.0200000000000000        0.0000000000000000        0.0000000000000000     
   2.0300000000000002        0.0000000000000000        0.0000000000000000     
   2.0400000000000000        0.0000000000000000        0.0000000000000000     
   2.0499999999999998        0.0000000000000000        0.0000000000000000     
   2.0600000000000001        0.0000000000000000        0.0000000000000000     
   2.0699999999999998        0.0000000000000000        0.0000000000000000     
   2.0800000000000001        0.0000000000000000        0.0000000000000000     
   2.0899999999999999        0.0000000000000000        0.0000000000000000     
   2.1000000000000001        0.0000000000000000        0.0000000000000000     
   2.1099999999999999        0.0000000000000000        0.0000000000000000     
   2.1200000000000001        0.0000000000000000        0.0000000000000000     
   2.1299999999999999        0.0000000000000000        0.0000000000000000     
   2.1400000000000001        0.0000000000000000        0.0000000000000000     
   2.1499999999999999        0.0000000000000000        0.0000000000000000     
   2.1600000000000001        0.0000000000000000        0.0000000000000000     
   2.1699999999999999        0.0000000000000000        0.0000000000000000     
   2.1800000000000002        0.0000000000000000        0.0000000000000000     
   2.1899999999999999        0.0000000000000000        0.0000000000000000     
   2.2000000000000002        0.0000000000000000        0.0000000000000000     
   2.2100000000000000        0.0000000000000000        0.0000000000000000     
   2.2200000000000002        0.0000000000000000        0.0000000000000000     
   2.2300000000000000        0.0000000000000000        0.0000000000000000     
   2.2400000000000002        0.0000000000000000        0.0000000000000000     
   2.2500000000000000        0.0000000000000000        0.0000000000000000     
   2.2600000000000002        0.0000000000000000        0.0000000000000000     
   2.2700000000000000        0.0000000000000000        0.0000000000000000     
   2.2800000000000002        0.0000000000000000        0.0000000000000000     
   2.2900000000000000        0.0000000000000000        0.0000000000000000     
   2.3000000000000003        0.0000000000000000        0.0000000000000000     
   2.3100000000000001        0.0000000000000000        0.0000000000000000     
   2.3199999999999998        0.0000000000000000        0.0000000000000000     
   2.3300000000000001        0.0000000000000000        0.0000000000000000     
   2.3399999999999999        0.0000000000000000        0.0000000000000000     
   2.3500000000000001        0.0000000000000000        0.0000000000000000     
   2.3599999999999999        0.0000000000000000        0.0000000000000000     
   2.3700000000000001        0.0000000000000000        0.0000000000000000     
   2.3799999999999999        0.0000000000000000        0.0000000000000000     
   2.3900000000000001        0.0000000000000000        0.0000000000000000     
   2.3999999999999999        0.0000000000000000        0.0000000000000000     
   2.4100000000000001        0.0000000000000000        0.0000000000000000     
   2.4199999999999999        0.0000000000000000        0.0000000000000000     
   2.4300000000000002        0.0000000000000000        0.0000000000000000     
   2.4399999999999999        0.0000000000000000        0.0000000000000000     
   2.4500000000000002        0.0000000000000000        0.0000000000000000     
   2.4600000000000000        0.0000000000000000        0.0000000000000000     
   2.4700000000000002        0.0000000000000000        0.0000000000000000     
   2.4800000000000000        0.0000000000000000        0.0000000000000000     
   2.4900000000000002        0.0000000000000000        0.0000000000000000     
   2.5000000000000000        0.0000000000000000        0.0000000000000000     
