 # e    sum(rho)     product(rho)
   1.5000000000000000       0.78378999999999999        1.1714387515199998     
   1.5100000000000000       0.78664999999999985        1.0936383174639996     
   1.5200000000000000       0.79157999999999995        1.0245287369310001     
   1.5300000000000000       0.78252999999999995       0.88224301968749974     
   1.5400000000000000       0.79038000000000008        1.0810275515826002     
   1.5500000000000000       0.79066000000000014        1.1031143310698002     
   1.5600000000000001       0.78102000000000005        1.0836346929408003     
   1.5700000000000001       0.78302000000000005        1.0662746126010001     
   1.5800000000000001       0.78809999999999991       0.95547458870219981     
   1.5900000000000001       0.78130999999999995       0.84062978999999982     
   1.6000000000000001       0.78232999999999986       0.95501304333269954     
   1.6100000000000001       0.77060999999999991        1.3834654337595000     
   1.6200000000000001       0.77813999999999994       0.82226838904539989     
   1.6300000000000001       0.77170999999999990        1.2363292698119999     
   1.6400000000000001       0.77081999999999995        1.2921279866630000     
   1.6500000000000001       0.77398999999999996       0.90166856797799988     
   1.6600000000000001       0.77293999999999996        1.3606884913643995     
   1.6699999999999999       0.76773000000000002        1.2234552514800001     
   1.6799999999999999       0.77027000000000001        1.2871015053400001     
   1.6899999999999999       0.76045999999999991       0.85552119958199990     
   1.7000000000000000       0.75907000000000002       0.68739402143880002     
   1.7100000000000000       0.75988999999999995       0.92514137266719987     
   1.7200000000000000       0.75856000000000001       0.38523576554360006     
   1.7300000000000000       0.75853999999999999       0.49076075287499987     
   1.7400000000000000       0.75750000000000006       0.89166069599940001     
   1.7500000000000000       0.75612999999999997       0.51897454585470004     
   1.7600000000000000       0.75757000000000008       0.47882256772350001     
   1.7700000000000000       0.74125999999999992       0.19894283727999995     
   1.7800000000000000       0.73462999999999989       0.37132559097999995     
   1.7900000000000000       0.74075999999999997       0.22115041779360003     
   1.8000000000000000       0.73671000000000009       0.59838167751450000     
   1.8100000000000001       0.74335999999999980       0.32717690445059988     
   1.8200000000000001       0.73463999999999996       0.18317858221799999     
   1.8300000000000001       0.72540000000000016        5.2817896467000011E-002
   1.8400000000000001       0.73339000000000010       0.22977794489490005     
   1.8500000000000001       0.72905999999999993       0.19958786301900000     
   1.8600000000000001       0.72560000000000002       0.41809642881999992     
   1.8700000000000001       0.72477000000000003       0.45305999426880000     
   1.8800000000000001       0.71365000000000001        1.0891727550000000E-004
   1.8900000000000001       0.71766999999999992        2.8262948626800000E-002
   1.9000000000000001       0.70641999999999994        0.0000000000000000     
   1.9100000000000001       0.70960999999999996        8.4974316227999988E-003
   1.9199999999999999       0.70662999999999998        0.0000000000000000     
   1.9299999999999999       0.70412999999999992        0.0000000000000000     
   1.9399999999999999       0.70354000000000005        2.0793564921599998E-002
   1.9500000000000000       0.70564000000000004        7.4793799339999993E-003
   1.9600000000000000       0.69775999999999994        0.0000000000000000     
   1.9700000000000000       0.69514000000000009        0.0000000000000000     
   1.9800000000000000       0.69496999999999998        0.0000000000000000     
   1.9900000000000000       0.69091999999999998        1.2895947900000001E-004
   2.0000000000000000       0.69184000000000001        0.0000000000000000     
   2.0100000000000002       0.69586999999999999        2.4209942400000000E-003
   2.0200000000000000       0.68338999999999994        0.0000000000000000     
   2.0300000000000002       0.68278999999999990        0.0000000000000000     
   2.0400000000000000       0.68527000000000005        0.0000000000000000     
   2.0499999999999998       0.67986000000000002        0.0000000000000000     
   2.0600000000000001       0.67859000000000003        0.0000000000000000     
   2.0699999999999998       0.67412999999999990        0.0000000000000000     
   2.0800000000000001       0.67323000000000000        0.0000000000000000     
   2.0899999999999999       0.67330000000000001        0.0000000000000000     
   2.1000000000000001       0.66811999999999994        0.0000000000000000     
   2.1099999999999999       0.66730999999999996        0.0000000000000000     
   2.1200000000000001       0.66908999999999996        0.0000000000000000     
   2.1299999999999999       0.66901999999999995        0.0000000000000000     
   2.1400000000000001       0.66604999999999992        0.0000000000000000     
   2.1499999999999999       0.67707000000000006        0.0000000000000000     
   2.1600000000000001       0.68093999999999988        0.0000000000000000     
   2.1699999999999999       0.69789999999999996        0.0000000000000000     
   2.1800000000000002       0.72597000000000000        0.0000000000000000     
   2.1899999999999999       0.77806999999999993        0.0000000000000000     
   2.2000000000000002       0.80712999999999990        0.0000000000000000     
   2.2100000000000000       0.84609000000000001        0.0000000000000000     
   2.2200000000000002       0.86300000000000010        0.0000000000000000     
   2.2300000000000000       0.87307000000000001        0.0000000000000000     
   2.2400000000000002       0.87836999999999998        0.0000000000000000     
   2.2500000000000000       0.87646999999999975        0.0000000000000000     
   2.2600000000000002       0.87649000000000010        0.0000000000000000     
   2.2700000000000000       0.87594999999999990        0.0000000000000000     
   2.2800000000000002       0.87792999999999988        0.0000000000000000     
   2.2900000000000000       0.87594000000000016        0.0000000000000000     
   2.3000000000000003       0.87282000000000015        0.0000000000000000     
   2.3100000000000001       0.87536000000000003        0.0000000000000000     
   2.3199999999999998       0.87443999999999988        0.0000000000000000     
   2.3300000000000001       0.86890999999999996        0.0000000000000000     
   2.3399999999999999       0.87219000000000013        0.0000000000000000     
   2.3500000000000001       0.87412999999999985        0.0000000000000000     
   2.3599999999999999       0.87129999999999996        0.0000000000000000     
   2.3700000000000001       0.87153000000000014        0.0000000000000000     
   2.3799999999999999       0.87062000000000006        0.0000000000000000     
   2.3900000000000001       0.86822999999999995        0.0000000000000000     
   2.3999999999999999       0.86808999999999992        0.0000000000000000     
   2.4100000000000001       0.86820000000000008        0.0000000000000000     
   2.4199999999999999       0.86673000000000011        0.0000000000000000     
   2.4300000000000002       0.86609000000000003        0.0000000000000000     
   2.4399999999999999       0.86309000000000002        0.0000000000000000     
   2.4500000000000002       0.86573999999999995        0.0000000000000000     
   2.4600000000000000       0.86482999999999988        0.0000000000000000     
   2.4700000000000002       0.86326000000000003        0.0000000000000000     
   2.4800000000000000       0.86183000000000010        0.0000000000000000     
   2.4900000000000002       0.86044999999999994        0.0000000000000000     
   2.5000000000000000       0.86158000000000001        0.0000000000000000     
