#       d(1) = 0.1d0*e
#       d(2) = 0.1d0*e
#       d(3) = 0.1d0*e
#e  	fracN1		fracN2		fracN3
  0.10000000000000001       0.30866999999999994       0.30036000000000002       0.31331999999999999     
  0.20000000000000001       0.30581999999999998       0.29775999999999997       0.29534999999999995     
  0.30000000000000004       0.29033999999999999       0.27597000000000005       0.30829000000000001     
  0.40000000000000002       0.27637000000000000       0.28894999999999998       0.28354000000000001     
  0.50000000000000000       0.26752999999999999       0.25969000000000003       0.29266000000000003     
  0.60000000000000009       0.25148999999999999       0.26279000000000002       0.27598000000000000     
  0.70000000000000007       0.23433000000000001       0.29038999999999998       0.24039000000000002     
  0.80000000000000004       0.22023000000000001       0.25295000000000001       0.25427999999999995     
  0.90000000000000002       0.22606000000000001       0.21407999999999999       0.25472000000000006     
   1.0000000000000000       0.23627999999999999       0.21753000000000006       0.20415000000000000     
   1.1000000000000001       0.22392000000000004       0.22602999999999995       0.17235000000000003     
   1.2000000000000002       0.19907999999999998       0.16764000000000001       0.21215000000000001     
   1.3000000000000000       0.15970000000000001       0.17990000000000000       0.19577000000000003     
   1.4000000000000001       0.14669000000000001       0.17122999999999999       0.17467000000000002     
   1.5000000000000000       0.16724000000000000       0.12355000000000001       0.15440000000000001     
   1.6000000000000001       0.10458000000000003       0.12015000000000001       0.15759999999999999     
   1.7000000000000002       0.12720999999999999        8.4740000000000010E-002  0.10755999999999999     
   1.8000000000000000        7.8480000000000008E-002   8.1629999999999994E-002   7.4459999999999998E-002
   1.9000000000000001        5.3739999999999989E-002   3.6279999999999993E-002   4.0260000000000004E-002
   2.0000000000000000        0.0000000000000000        0.0000000000000000        0.0000000000000000     
   2.1000000000000001        0.0000000000000000        0.0000000000000000        0.0000000000000000     
   2.2000000000000002        0.0000000000000000        0.0000000000000000        0.0000000000000000     
   2.3000000000000003        0.0000000000000000        0.0000000000000000        0.0000000000000000     
   2.4000000000000004        0.0000000000000000        0.0000000000000000        0.0000000000000000     
   2.5000000000000000        0.0000000000000000        0.0000000000000000        0.0000000000000000     
   2.6000000000000001        0.0000000000000000        0.0000000000000000        0.0000000000000000     
   2.7000000000000002        0.0000000000000000        0.0000000000000000        0.0000000000000000     
   2.8000000000000003        0.0000000000000000        0.0000000000000000        0.0000000000000000     
   2.9000000000000004        0.0000000000000000        0.0000000000000000        0.0000000000000000     
   3.0000000000000000        0.0000000000000000        0.0000000000000000        0.0000000000000000     
