 #e  	fracN1		fracN2		fracN3
   1.5000000000000000       0.16724000000000000       0.12355000000000001       0.15440000000000001     
   1.5100000000000000       0.11713000000000000       0.14327999999999999       0.17697999999999997     
   1.5200000000000000       0.15765999999999999       0.13011999999999999       0.14205999999999999     
   1.5300000000000000       0.13081000000000001       0.15721999999999997       0.13931999999999997     
   1.5400000000000000       0.15665000000000001       0.16099000000000002       0.10125000000000002     
   1.5500000000000000        9.3280000000000002E-002  0.24965999999999999        7.1239999999999998E-002
   1.5600000000000001       0.11029000000000003       0.18043000000000003       0.11888000000000001     
   1.5700000000000001       0.14365000000000000       0.12912999999999999       0.12492000000000000     
   1.5800000000000001       0.12326000000000001       0.13888000000000000       0.13285000000000000     
   1.5900000000000001       0.12958000000000000       0.12121000000000000       0.13532000000000000     
   1.6000000000000001       0.10458000000000003       0.12015000000000001       0.15759999999999999     
   1.6100000000000001       0.13023000000000001       0.12047000000000001       0.12611999999999998     
   1.6200000000000001       0.15651000000000001        9.5030000000000003E-002  0.12454000000000001     
   1.6300000000000001        8.1309999999999993E-002  0.15945999999999999       0.12959000000000001     
   1.6400000000000001       0.11752000000000000        9.8440000000000000E-002  0.14106000000000002     
   1.6500000000000001       0.10285999999999999        8.7370000000000003E-002  0.16574000000000000     
   1.6600000000000001       0.10817000000000002       0.11837000000000000       0.12017000000000000     
   1.6699999999999999       0.11333000000000000        9.0079999999999993E-002  0.13949000000000003     
   1.6799999999999999       0.11254000000000000        7.5289999999999996E-002  0.14501000000000000     
   1.6899999999999999       0.10091000000000001       0.11104000000000000       0.11154000000000000     
   1.7000000000000000       0.12720999999999999        8.4740000000000010E-002  0.10755999999999999     
   1.7100000000000000        9.9969999999999989E-002   8.9080000000000006E-002  0.12164000000000000     
   1.7200000000000000        8.6669999999999997E-002  0.11724000000000001        9.4659999999999994E-002
   1.7300000000000000        9.8039999999999988E-002   9.6360000000000015E-002  0.10226000000000002     
   1.7400000000000000       0.11677999999999999       0.10922000000000001        5.6970000000000000E-002
   1.7500000000000000        6.3539999999999999E-002  0.10133999999999999       0.10888000000000000     
   1.7600000000000000        4.4809999999999996E-002  0.15895000000000001        6.5519999999999995E-002
   1.7700000000000000        8.9129999999999987E-002   8.8460000000000011E-002   8.1580000000000014E-002
   1.7800000000000000        6.2500000000000014E-002   9.8369999999999999E-002   9.6419999999999992E-002
   1.7900000000000000       0.10450000000000001        7.6649999999999996E-002   6.2920000000000004E-002
   1.8000000000000000        7.8480000000000008E-002   8.1629999999999994E-002   7.4459999999999998E-002
   1.8100000000000001        6.6310000000000008E-002   7.1900000000000006E-002   8.9860000000000009E-002
   1.8200000000000001        7.5869999999999993E-002   4.7170000000000004E-002   9.2900000000000010E-002
   1.8300000000000001        8.0999999999999989E-002   7.0079999999999990E-002   5.9509999999999993E-002
   1.8400000000000001        7.8669999999999990E-002   5.3879999999999997E-002   7.2730000000000003E-002
   1.8500000000000001        9.4240000000000004E-002   3.1330000000000004E-002   6.0280000000000000E-002
   1.8600000000000001        4.2650000000000000E-002   2.4940000000000000E-002  0.10186999999999999     
   1.8700000000000001        6.3940000000000011E-002   3.6550000000000006E-002   5.6860000000000001E-002
   1.8800000000000001        2.9380000000000000E-002   6.9540000000000005E-002   5.6559999999999999E-002
   1.8900000000000001        4.1730000000000003E-002   5.0220000000000008E-002   4.3949999999999996E-002
   1.9000000000000001        5.3739999999999989E-002   3.6279999999999993E-002   4.0260000000000004E-002
   1.9100000000000001        4.0930000000000008E-002   2.9449999999999997E-002   3.9740000000000004E-002
   1.9199999999999999        2.5720000000000000E-002   2.3569999999999997E-002   4.1760000000000005E-002
   1.9299999999999999        7.3600000000000002E-003   3.3240000000000006E-002   3.4329999999999999E-002
   1.9399999999999999        1.3979999999999998E-002   1.5589999999999998E-002   2.3719999999999998E-002
   1.9500000000000000        7.9600000000000001E-003   1.3200000000000000E-002   2.9500000000000004E-003
   1.9600000000000000        1.8599999999999999E-003   1.7899999999999999E-003   5.3499999999999997E-003
   1.9700000000000000        0.0000000000000000        2.3799999999999997E-003   0.0000000000000000     
   1.9800000000000000        0.0000000000000000        0.0000000000000000        0.0000000000000000     
   1.9900000000000000        0.0000000000000000        0.0000000000000000        0.0000000000000000     
   2.0000000000000000        0.0000000000000000        0.0000000000000000        0.0000000000000000     
   2.0100000000000002        0.0000000000000000        0.0000000000000000        0.0000000000000000     
   2.0200000000000000        0.0000000000000000        0.0000000000000000        0.0000000000000000     
   2.0300000000000002        0.0000000000000000        0.0000000000000000        0.0000000000000000     
   2.0400000000000000        0.0000000000000000        0.0000000000000000        0.0000000000000000     
   2.0499999999999998        0.0000000000000000        0.0000000000000000        0.0000000000000000     
   2.0600000000000001        0.0000000000000000        0.0000000000000000        0.0000000000000000     
   2.0699999999999998        0.0000000000000000        0.0000000000000000        0.0000000000000000     
   2.0800000000000001        0.0000000000000000        0.0000000000000000        0.0000000000000000     
   2.0899999999999999        0.0000000000000000        0.0000000000000000        0.0000000000000000     
   2.1000000000000001        0.0000000000000000        0.0000000000000000        0.0000000000000000     
   2.1099999999999999        0.0000000000000000        0.0000000000000000        0.0000000000000000     
   2.1200000000000001        0.0000000000000000        0.0000000000000000        0.0000000000000000     
   2.1299999999999999        0.0000000000000000        0.0000000000000000        0.0000000000000000     
   2.1400000000000001        0.0000000000000000        0.0000000000000000        0.0000000000000000     
   2.1499999999999999        0.0000000000000000        0.0000000000000000        0.0000000000000000     
   2.1600000000000001        0.0000000000000000        0.0000000000000000        0.0000000000000000     
   2.1699999999999999        0.0000000000000000        0.0000000000000000        0.0000000000000000     
   2.1800000000000002        0.0000000000000000        0.0000000000000000        0.0000000000000000     
   2.1899999999999999        0.0000000000000000        0.0000000000000000        0.0000000000000000     
   2.2000000000000002        0.0000000000000000        0.0000000000000000        0.0000000000000000     
   2.2100000000000000        0.0000000000000000        0.0000000000000000        0.0000000000000000     
   2.2200000000000002        0.0000000000000000        0.0000000000000000        0.0000000000000000     
   2.2300000000000000        0.0000000000000000        0.0000000000000000        0.0000000000000000     
   2.2400000000000002        0.0000000000000000        0.0000000000000000        0.0000000000000000     
   2.2500000000000000        0.0000000000000000        0.0000000000000000        0.0000000000000000     
   2.2600000000000002        0.0000000000000000        0.0000000000000000        0.0000000000000000     
   2.2700000000000000        0.0000000000000000        0.0000000000000000        0.0000000000000000     
   2.2800000000000002        0.0000000000000000        0.0000000000000000        0.0000000000000000     
   2.2900000000000000        0.0000000000000000        0.0000000000000000        0.0000000000000000     
   2.3000000000000003        0.0000000000000000        0.0000000000000000        0.0000000000000000     
   2.3100000000000001        0.0000000000000000        0.0000000000000000        0.0000000000000000     
   2.3199999999999998        0.0000000000000000        0.0000000000000000        0.0000000000000000     
   2.3300000000000001        0.0000000000000000        0.0000000000000000        0.0000000000000000     
   2.3399999999999999        0.0000000000000000        0.0000000000000000        0.0000000000000000     
   2.3500000000000001        0.0000000000000000        0.0000000000000000        0.0000000000000000     
   2.3599999999999999        0.0000000000000000        0.0000000000000000        0.0000000000000000     
   2.3700000000000001        0.0000000000000000        0.0000000000000000        0.0000000000000000     
   2.3799999999999999        0.0000000000000000        0.0000000000000000        0.0000000000000000     
   2.3900000000000001        0.0000000000000000        0.0000000000000000        0.0000000000000000     
   2.3999999999999999        0.0000000000000000        0.0000000000000000        0.0000000000000000     
   2.4100000000000001        0.0000000000000000        0.0000000000000000        0.0000000000000000     
   2.4199999999999999        0.0000000000000000        0.0000000000000000        0.0000000000000000     
   2.4300000000000002        0.0000000000000000        0.0000000000000000        0.0000000000000000     
   2.4399999999999999        0.0000000000000000        0.0000000000000000        0.0000000000000000     
   2.4500000000000002        0.0000000000000000        0.0000000000000000        0.0000000000000000     
   2.4600000000000000        0.0000000000000000        0.0000000000000000        0.0000000000000000     
   2.4700000000000002        0.0000000000000000        0.0000000000000000        0.0000000000000000     
   2.4800000000000000        0.0000000000000000        0.0000000000000000        0.0000000000000000     
   2.4900000000000002        0.0000000000000000        0.0000000000000000        0.0000000000000000     
   2.5000000000000000        0.0000000000000000        0.0000000000000000        0.0000000000000000     
