#       d(1) = 0.2d0*e
#       d(2) = 0.2d0*e
#       d(3) = 0.2d0*e
# e  	fracN1		fracN2		fracN3
  0.10000000000000001       0.30581999999999998       0.29775999999999997       0.29534999999999995     
  0.20000000000000001       0.27637000000000000       0.28894999999999998       0.28354000000000001     
  0.30000000000000004       0.25148999999999999       0.26279000000000002       0.27598000000000000     
  0.40000000000000002       0.22023000000000001       0.25295000000000001       0.25427999999999995     
  0.50000000000000000       0.23627999999999999       0.21753000000000006       0.20415000000000000     
  0.60000000000000009       0.19907999999999998       0.16764000000000001       0.21215000000000001     
  0.70000000000000007       0.14669000000000001       0.17122999999999999       0.17467000000000002     
  0.80000000000000004       0.10458000000000003       0.12015000000000001       0.15759999999999999     
  0.90000000000000002        7.8480000000000008E-002   8.1629999999999994E-002   7.4459999999999998E-002
   1.0000000000000000        0.0000000000000000        0.0000000000000000        0.0000000000000000     
   1.1000000000000001        0.0000000000000000        0.0000000000000000        0.0000000000000000     
   1.2000000000000002        0.0000000000000000        0.0000000000000000        0.0000000000000000     
   1.3000000000000000        0.0000000000000000        0.0000000000000000        0.0000000000000000     
   1.4000000000000001        0.0000000000000000        0.0000000000000000        0.0000000000000000     
   1.5000000000000000        0.0000000000000000        0.0000000000000000        0.0000000000000000     
   1.6000000000000001        0.0000000000000000        0.0000000000000000        0.0000000000000000     
   1.7000000000000002        0.0000000000000000        0.0000000000000000        0.0000000000000000     
   1.8000000000000000        0.0000000000000000        0.0000000000000000        0.0000000000000000     
   1.9000000000000001        0.0000000000000000        0.0000000000000000        0.0000000000000000     
   2.0000000000000000        0.0000000000000000        0.0000000000000000        0.0000000000000000     
   2.1000000000000001        0.0000000000000000        0.0000000000000000        0.0000000000000000     
   2.2000000000000002        0.0000000000000000        0.0000000000000000        0.0000000000000000     
   2.3000000000000003        0.0000000000000000        0.0000000000000000        0.0000000000000000     
   2.4000000000000004        0.0000000000000000        0.0000000000000000        0.0000000000000000     
   2.5000000000000000        0.0000000000000000        0.0000000000000000        0.0000000000000000     
   2.6000000000000001        0.0000000000000000        0.0000000000000000        0.0000000000000000     
   2.7000000000000002        0.0000000000000000        0.0000000000000000        0.0000000000000000     
   2.8000000000000003        0.0000000000000000        0.0000000000000000        0.0000000000000000     
   2.9000000000000004        0.0000000000000000        0.0000000000000000        0.0000000000000000     
   3.0000000000000000        0.0000000000000000        0.0000000000000000        0.0000000000000000     
