 #e  	fracN1		fracN2		fracN3
  0.50000000000000000       0.23627999999999999       0.21753000000000006       0.20415000000000000     
  0.51000000000000001       0.21462000000000003       0.21623999999999999       0.22237000000000001     
  0.52000000000000002       0.20832999999999999       0.21341000000000002       0.21968000000000001     
  0.53000000000000003       0.22457000000000002       0.20451999999999998       0.21139999999999998     
  0.54000000000000004       0.17731999999999998       0.22842000000000001       0.22506999999999996     
  0.55000000000000004       0.22392000000000004       0.22602999999999995       0.17235000000000003     
  0.56000000000000005       0.21182999999999996       0.18282000000000004       0.21856999999999999     
  0.57000000000000006       0.19227999999999998       0.21711999999999998       0.19877000000000003     
  0.57999999999999996       0.18623000000000001       0.19005999999999998       0.22185000000000002     
  0.58999999999999997       0.18420999999999998       0.20788000000000001       0.19505000000000000     
  0.59999999999999998       0.19907999999999998       0.16764000000000001       0.21215000000000001     
  0.60999999999999999       0.17628999999999997       0.19560999999999998       0.20061000000000001     
  0.62000000000000000       0.20088000000000000       0.22142000000000001       0.14979000000000001     
  0.63000000000000000       0.17826000000000000       0.19217000000000001       0.18761999999999998     
  0.64000000000000001       0.20851000000000003       0.18680000000000002       0.14965999999999999     
  0.65000000000000002       0.15970000000000001       0.17990000000000000       0.19577000000000003     
  0.66000000000000003       0.14965999999999999       0.14179000000000003       0.24287000000000000     
  0.67000000000000004       0.18101000000000006       0.17058999999999999       0.17128999999999997     
  0.68000000000000005       0.17147000000000001       0.16211999999999999       0.18238000000000004     
  0.69000000000000006       0.14879000000000001       0.17155000000000001       0.18264000000000000     
  0.70000000000000007       0.14669000000000001       0.17122999999999999       0.17467000000000002     
  0.70999999999999996       0.14826000000000000       0.16502000000000000       0.17170999999999997     
  0.71999999999999997       0.14121000000000000       0.17650000000000002       0.15187999999999999     
  0.72999999999999998       0.13766999999999999       0.14812000000000003       0.17579999999999998     
  0.73999999999999999       0.12812000000000001       0.10804000000000000       0.21736000000000000     
  0.75000000000000000       0.16724000000000000       0.12355000000000001       0.15440000000000001     
  0.76000000000000001       0.15765999999999999       0.13011999999999999       0.14205999999999999     
  0.77000000000000002       0.15665000000000001       0.16099000000000002       0.10125000000000002     
  0.78000000000000003       0.11029000000000003       0.18043000000000003       0.11888000000000001     
  0.79000000000000004       0.12326000000000001       0.13888000000000000       0.13285000000000000     
  0.80000000000000004       0.10458000000000003       0.12015000000000001       0.15759999999999999     
  0.81000000000000005       0.15651000000000001        9.5030000000000003E-002  0.12454000000000001     
  0.82000000000000006       0.11752000000000000        9.8440000000000000E-002  0.14106000000000002     
  0.83000000000000007       0.10817000000000002       0.11837000000000000       0.12017000000000000     
  0.83999999999999997       0.11254000000000000        7.5289999999999996E-002  0.14501000000000000     
  0.84999999999999998       0.12720999999999999        8.4740000000000010E-002  0.10755999999999999     
  0.85999999999999999        8.6669999999999997E-002  0.11724000000000001        9.4659999999999994E-002
  0.87000000000000000       0.11677999999999999       0.10922000000000001        5.6970000000000000E-002
  0.88000000000000000        4.4809999999999996E-002  0.15895000000000001        6.5519999999999995E-002
  0.89000000000000001        6.2500000000000014E-002   9.8369999999999999E-002   9.6419999999999992E-002
  0.90000000000000002        7.8480000000000008E-002   8.1629999999999994E-002   7.4459999999999998E-002
  0.91000000000000003        7.5869999999999993E-002   4.7170000000000004E-002   9.2900000000000010E-002
  0.92000000000000004        7.8669999999999990E-002   5.3879999999999997E-002   7.2730000000000003E-002
  0.93000000000000005        4.2650000000000000E-002   2.4940000000000000E-002  0.10186999999999999     
  0.94000000000000006        2.9380000000000000E-002   6.9540000000000005E-002   5.6559999999999999E-002
  0.95000000000000007        5.3739999999999989E-002   3.6279999999999993E-002   4.0260000000000004E-002
  0.95999999999999996        2.5720000000000000E-002   2.3569999999999997E-002   4.1760000000000005E-002
  0.96999999999999997        1.3979999999999998E-002   1.5589999999999998E-002   2.3719999999999998E-002
  0.97999999999999998        1.8599999999999999E-003   1.7899999999999999E-003   5.3499999999999997E-003
  0.98999999999999999        0.0000000000000000        0.0000000000000000        0.0000000000000000     
   1.0000000000000000        0.0000000000000000        0.0000000000000000        0.0000000000000000     
   1.0100000000000000        0.0000000000000000        0.0000000000000000        0.0000000000000000     
   1.0200000000000000        0.0000000000000000        0.0000000000000000        0.0000000000000000     
   1.0300000000000000        0.0000000000000000        0.0000000000000000        0.0000000000000000     
   1.0400000000000000        0.0000000000000000        0.0000000000000000        0.0000000000000000     
   1.0500000000000000        0.0000000000000000        0.0000000000000000        0.0000000000000000     
   1.0600000000000001        0.0000000000000000        0.0000000000000000        0.0000000000000000     
   1.0700000000000001        0.0000000000000000        0.0000000000000000        0.0000000000000000     
   1.0800000000000001        0.0000000000000000        0.0000000000000000        0.0000000000000000     
   1.0900000000000001        0.0000000000000000        0.0000000000000000        0.0000000000000000     
   1.1000000000000001        0.0000000000000000        0.0000000000000000        0.0000000000000000     
   1.1100000000000001        0.0000000000000000        0.0000000000000000        0.0000000000000000     
   1.1200000000000001        0.0000000000000000        0.0000000000000000        0.0000000000000000     
   1.1300000000000001        0.0000000000000000        0.0000000000000000        0.0000000000000000     
   1.1400000000000001        0.0000000000000000        0.0000000000000000        0.0000000000000000     
   1.1500000000000001        0.0000000000000000        0.0000000000000000        0.0000000000000000     
   1.1599999999999999        0.0000000000000000        0.0000000000000000        0.0000000000000000     
   1.1699999999999999        0.0000000000000000        0.0000000000000000        0.0000000000000000     
   1.1799999999999999        0.0000000000000000        0.0000000000000000        0.0000000000000000     
   1.1899999999999999        0.0000000000000000        0.0000000000000000        0.0000000000000000     
   1.2000000000000000        0.0000000000000000        0.0000000000000000        0.0000000000000000     
   1.2100000000000000        0.0000000000000000        0.0000000000000000        0.0000000000000000     
   1.2200000000000000        0.0000000000000000        0.0000000000000000        0.0000000000000000     
   1.2300000000000000        0.0000000000000000        0.0000000000000000        0.0000000000000000     
   1.2400000000000000        0.0000000000000000        0.0000000000000000        0.0000000000000000     
   1.2500000000000000        0.0000000000000000        0.0000000000000000        0.0000000000000000     
   1.2600000000000000        0.0000000000000000        0.0000000000000000        0.0000000000000000     
   1.2700000000000000        0.0000000000000000        0.0000000000000000        0.0000000000000000     
   1.2800000000000000        0.0000000000000000        0.0000000000000000        0.0000000000000000     
   1.2900000000000000        0.0000000000000000        0.0000000000000000        0.0000000000000000     
   1.3000000000000000        0.0000000000000000        0.0000000000000000        0.0000000000000000     
   1.3100000000000001        0.0000000000000000        0.0000000000000000        0.0000000000000000     
   1.3200000000000001        0.0000000000000000        0.0000000000000000        0.0000000000000000     
   1.3300000000000001        0.0000000000000000        0.0000000000000000        0.0000000000000000     
   1.3400000000000001        0.0000000000000000        0.0000000000000000        0.0000000000000000     
   1.3500000000000001        0.0000000000000000        0.0000000000000000        0.0000000000000000     
   1.3600000000000001        0.0000000000000000        0.0000000000000000        0.0000000000000000     
   1.3700000000000001        0.0000000000000000        0.0000000000000000        0.0000000000000000     
   1.3800000000000001        0.0000000000000000        0.0000000000000000        0.0000000000000000     
   1.3900000000000001        0.0000000000000000        0.0000000000000000        0.0000000000000000     
   1.4000000000000001        0.0000000000000000        0.0000000000000000        0.0000000000000000     
   1.4099999999999999        0.0000000000000000        0.0000000000000000        0.0000000000000000     
   1.4199999999999999        0.0000000000000000        0.0000000000000000        0.0000000000000000     
   1.4299999999999999        0.0000000000000000        0.0000000000000000        0.0000000000000000     
   1.4399999999999999        0.0000000000000000        0.0000000000000000        0.0000000000000000     
   1.4500000000000000        0.0000000000000000        0.0000000000000000        0.0000000000000000     
   1.4600000000000000        0.0000000000000000        0.0000000000000000        0.0000000000000000     
   1.4700000000000000        0.0000000000000000        0.0000000000000000        0.0000000000000000     
   1.4800000000000000        0.0000000000000000        0.0000000000000000        0.0000000000000000     
   1.4900000000000000        0.0000000000000000        0.0000000000000000        0.0000000000000000     
   1.5000000000000000        0.0000000000000000        0.0000000000000000        0.0000000000000000     
