 #e  	fracN1		fracN2		fracN3
  0.50000000000000000       0.31570000000000004       0.11846999999999999       0.42401000000000000     
  0.51000000000000001       0.30918999999999996       0.13615000000000002       0.41196999999999989     
  0.52000000000000002       0.31232000000000004       0.14118000000000000       0.40049999999999997     
  0.53000000000000003       0.29046000000000000       0.12598000000000001       0.43499999999999994     
  0.54000000000000004       0.32897999999999999        9.5110000000000000E-002  0.43120999999999998     
  0.55000000000000004       0.31636999999999998       0.12105000000000002       0.41381000000000007     
  0.56000000000000005       0.32290000000000008       0.11801000000000002       0.40772999999999993     
  0.57000000000000006       0.27538000000000001       0.10947000000000003       0.45956999999999998     
  0.57999999999999996       0.27952999999999995        9.9350000000000008E-002  0.46322999999999998     
  0.58999999999999997       0.29357000000000005       0.11047000000000000       0.43563000000000002     
  0.59999999999999998       0.27406999999999998       0.11240000000000001       0.45119999999999993     
  0.60999999999999999       0.27677000000000007       0.10180000000000000       0.45459000000000005     
  0.62000000000000000       0.27710999999999997        9.9260000000000015E-002  0.45602999999999999     
  0.63000000000000000       0.26735999999999999        9.8790000000000003E-002  0.46096999999999999     
  0.64000000000000001       0.30727000000000004        8.1940000000000013E-002  0.44408000000000003     
  0.65000000000000002       0.25538000000000005        8.5400000000000004E-002  0.48485999999999996     
  0.66000000000000003       0.29994000000000004        7.5200000000000003E-002  0.45509999999999995     
  0.67000000000000004       0.30023000000000000        5.7869999999999998E-002  0.47117999999999993     
  0.68000000000000005       0.24253000000000000        8.2590000000000011E-002  0.49253999999999987     
  0.69000000000000006       0.27857999999999994        8.1089999999999995E-002  0.45949999999999996     
  0.70000000000000007       0.24254999999999999       0.14066999999999999       0.43261000000000005     
  0.70999999999999996       0.28266999999999998        8.2349999999999993E-002  0.45316999999999996     
  0.71999999999999997       0.21194000000000002       0.13474999999999998       0.46346999999999994     
  0.72999999999999998       0.20526999999999998       0.13199000000000000       0.46787000000000001     
  0.73999999999999999       0.21867000000000000        8.3819999999999992E-002  0.49939000000000000     
  0.75000000000000000       0.12118999999999999        2.8810000000000002E-002  0.64105000000000001     
  0.76000000000000001        7.0819999999999994E-002   9.4030000000000002E-002  0.61581999999999992     
  0.77000000000000002       0.22100000000000000        4.8300000000000003E-002  0.53176000000000001     
  0.78000000000000003        9.0090000000000003E-002   2.9120000000000000E-002  0.65661999999999998     
  0.79000000000000004        5.9410000000000004E-002   9.7420000000000007E-002  0.61368999999999996     
  0.80000000000000004        7.2559999999999999E-002  0.16098000000000001       0.54196000000000000     
  0.81000000000000005        4.4920000000000002E-002  0.15813000000000002       0.56258999999999992     
  0.82000000000000006        0.0000000000000000        7.6109999999999997E-002  0.68051000000000006     
  0.83000000000000007        1.1970000000000000E-002   2.3600000000000001E-003  0.73921000000000003     
  0.83999999999999997        5.9999999999999995E-005   0.0000000000000000       0.75044999999999995     
  0.84999999999999998        1.0920000000000001E-002   1.3400000000000000E-003  0.73341000000000001     
  0.85999999999999999        0.0000000000000000        0.0000000000000000       0.74307999999999996     
  0.87000000000000000        0.0000000000000000        0.0000000000000000       0.74114999999999998     
  0.88000000000000000        0.0000000000000000        0.0000000000000000       0.73038999999999998     
  0.89000000000000001        0.0000000000000000        0.0000000000000000       0.72972000000000004     
  0.90000000000000002        0.0000000000000000        0.0000000000000000       0.72902000000000000     
  0.91000000000000003        0.0000000000000000        0.0000000000000000       0.72331999999999996     
  0.92000000000000004        0.0000000000000000        0.0000000000000000       0.72144999999999992     
  0.93000000000000005        1.2800000000000001E-002   0.0000000000000000       0.70833000000000002     
  0.94000000000000006        2.3990000000000001E-002   0.0000000000000000       0.69644000000000006     
  0.95000000000000007       0.18906000000000001        0.0000000000000000       0.56630000000000003     
  0.95999999999999996       0.56089999999999995        0.0000000000000000       0.28211999999999998     
  0.96999999999999997       0.85667999999999989        0.0000000000000000        6.5799999999999997E-002
  0.97999999999999998       0.92737000000000014        0.0000000000000000        1.5750000000000004E-002
  0.98999999999999999       0.94852000000000003        0.0000000000000000        0.0000000000000000     
   1.0000000000000000       0.94799999999999984        0.0000000000000000        0.0000000000000000     
   1.0100000000000000       0.94741999999999982        0.0000000000000000        0.0000000000000000     
   1.0200000000000000       0.94663000000000008        0.0000000000000000        0.0000000000000000     
   1.0300000000000000       0.94589999999999974        0.0000000000000000        0.0000000000000000     
   1.0400000000000000       0.94468999999999992        0.0000000000000000        0.0000000000000000     
   1.0500000000000000       0.94525999999999999        0.0000000000000000        0.0000000000000000     
   1.0600000000000001       0.94504999999999995        0.0000000000000000        0.0000000000000000     
   1.0700000000000001       0.94387999999999983        0.0000000000000000        0.0000000000000000     
   1.0800000000000001       0.94323000000000001        0.0000000000000000        0.0000000000000000     
   1.0900000000000001       0.94318000000000013        0.0000000000000000        0.0000000000000000     
   1.1000000000000001       0.94325000000000014        0.0000000000000000        0.0000000000000000     
   1.1100000000000001       0.94188999999999989        0.0000000000000000        0.0000000000000000     
   1.1200000000000001       0.94238000000000000        0.0000000000000000        0.0000000000000000     
   1.1300000000000001       0.94083000000000006        0.0000000000000000        0.0000000000000000     
   1.1400000000000001       0.94083000000000006        0.0000000000000000        0.0000000000000000     
   1.1500000000000001       0.94110999999999989        0.0000000000000000        0.0000000000000000     
   1.1599999999999999       0.93993999999999978        0.0000000000000000        0.0000000000000000     
   1.1699999999999999       0.93781999999999999        0.0000000000000000        0.0000000000000000     
   1.1799999999999999       0.93811999999999995        0.0000000000000000        0.0000000000000000     
   1.1899999999999999       0.93846000000000007        0.0000000000000000        0.0000000000000000     
   1.2000000000000000       0.93573000000000006        0.0000000000000000        0.0000000000000000     
   1.2100000000000000       0.93691000000000013        0.0000000000000000        0.0000000000000000     
   1.2200000000000000       0.93566000000000005        0.0000000000000000        0.0000000000000000     
   1.2300000000000000       0.93356999999999990        0.0000000000000000        0.0000000000000000     
   1.2400000000000000       0.93499999999999994        0.0000000000000000        0.0000000000000000     
   1.2500000000000000       0.93469000000000002        0.0000000000000000        0.0000000000000000     
   1.2600000000000000       0.93464000000000014        0.0000000000000000        0.0000000000000000     
   1.2700000000000000       0.93291000000000002        0.0000000000000000        0.0000000000000000     
   1.2800000000000000       0.93191000000000002        0.0000000000000000        0.0000000000000000     
   1.2900000000000000       0.93131999999999981        0.0000000000000000        0.0000000000000000     
   1.3000000000000000       0.93159000000000014        0.0000000000000000        0.0000000000000000     
   1.3100000000000001       0.93308000000000002        0.0000000000000000        0.0000000000000000     
   1.3200000000000001       0.93016999999999983        0.0000000000000000        0.0000000000000000     
   1.3300000000000001       0.93062999999999985        0.0000000000000000        0.0000000000000000     
   1.3400000000000001       0.93061000000000005        0.0000000000000000        0.0000000000000000     
   1.3500000000000001       0.92918999999999996        0.0000000000000000        0.0000000000000000     
   1.3600000000000001       0.92842999999999998        0.0000000000000000        0.0000000000000000     
   1.3700000000000001       0.92698000000000003        0.0000000000000000        0.0000000000000000     
   1.3800000000000001       0.92891000000000012        0.0000000000000000        0.0000000000000000     
   1.3900000000000001       0.92659999999999998        0.0000000000000000        0.0000000000000000     
   1.4000000000000001       0.92577000000000020        0.0000000000000000        0.0000000000000000     
   1.4099999999999999       0.92470999999999992        0.0000000000000000        0.0000000000000000     
   1.4199999999999999       0.92469000000000001        0.0000000000000000        0.0000000000000000     
   1.4299999999999999       0.92576000000000003        0.0000000000000000        0.0000000000000000     
   1.4399999999999999       0.92282000000000008        0.0000000000000000        0.0000000000000000     
   1.4500000000000000       0.92474999999999985        0.0000000000000000        0.0000000000000000     
   1.4600000000000000       0.92258000000000018        0.0000000000000000        0.0000000000000000     
   1.4700000000000000       0.92322000000000004        0.0000000000000000        0.0000000000000000     
   1.4800000000000000       0.92052999999999996        0.0000000000000000        0.0000000000000000     
   1.4900000000000000       0.92192999999999992        0.0000000000000000        0.0000000000000000     
   1.5000000000000000       0.92142999999999997        0.0000000000000000        0.0000000000000000     
