 #e  	fracN1		fracN2		fracN3
   1.5000000000000000       0.23018999999999998       0.11639999999999999       0.43719999999999998     
   1.5100000000000000       0.25387999999999999        9.9399999999999988E-002  0.43336999999999992     
   1.5200000000000000       0.26810000000000000        8.7690000000000004E-002  0.43579000000000001     
   1.5300000000000000       0.23124999999999996        8.1149999999999986E-002  0.47012999999999999     
   1.5400000000000000       0.26941999999999999        9.3970000000000012E-002  0.42698999999999998     
   1.5500000000000000       0.29837000000000002        9.2469999999999997E-002  0.39982000000000001     
   1.5600000000000001       0.22784000000000004       0.10647000000000000       0.44671000000000005     
   1.5700000000000001       0.25003000000000003        9.8049999999999998E-002  0.43493999999999999     
   1.5800000000000001       0.31479000000000001        7.6489999999999989E-002  0.39681999999999995     
   1.5900000000000001       0.26250000000000001        7.1609999999999993E-002  0.44719999999999993     
   1.6000000000000001       0.28458999999999995        8.0409999999999995E-002  0.41732999999999992     
   1.6100000000000001       0.21092999999999998       0.16705000000000000       0.39262999999999998     
   1.6200000000000001       0.25234000000000001        7.1770000000000000E-002  0.45402999999999993     
   1.6300000000000001       0.21176999999999996       0.13854000000000002       0.42139999999999994     
   1.6400000000000001       0.21964999999999998       0.14474000000000001       0.40643000000000001     
   1.6500000000000001       0.25481999999999999        8.0699999999999994E-002  0.43846999999999997     
   1.6600000000000001       0.25239000000000000       0.14266999999999999       0.37787999999999994     
   1.6699999999999999       0.21315000000000001       0.13768000000000002       0.41689999999999994     
   1.6799999999999999       0.23945000000000000       0.13622000000000001       0.39460000000000001     
   1.6899999999999999       0.23443000000000000        8.2229999999999998E-002  0.44379999999999997     
   1.7000000000000000       0.19330999999999998        7.2020000000000001E-002  0.49374000000000001     
   1.7100000000000000       0.22492999999999999        9.3079999999999982E-002  0.44188000000000000     
   1.7200000000000000       0.19081000000000001        3.8120000000000001E-002  0.52963000000000005     
   1.7300000000000000       0.21974999999999997        4.5249999999999999E-002  0.49353999999999998     
   1.7400000000000000       0.17526000000000000       0.10707000000000000       0.47517000000000004     
   1.7500000000000000       0.18872999999999998        5.3510000000000002E-002  0.51389000000000007     
   1.7600000000000000       0.19805000000000000        4.7189999999999996E-002  0.51233000000000006     
   1.7700000000000000       0.13640000000000002        2.5159999999999998E-002  0.57969999999999988     
   1.7800000000000000        6.5060000000000007E-002  0.10024999999999999       0.56931999999999994     
   1.7900000000000000       0.14801999999999998        2.6380000000000004E-002  0.56635999999999997     
   1.8000000000000000       0.10039000000000001       0.11415000000000000       0.52217000000000002     
   1.8100000000000001       0.14121999999999998        4.1309999999999999E-002  0.56082999999999994     
   1.8200000000000001        9.9629999999999996E-002   3.0410000000000000E-002  0.60460000000000003     
   1.8300000000000001        4.7950000000000007E-002   1.6670000000000001E-002  0.66078000000000015     
   1.8400000000000001       0.14008999999999999        2.9070000000000002E-002  0.56423000000000001     
   1.8500000000000001       0.10783000000000001        3.1380000000000005E-002  0.58984999999999999     
   1.8600000000000001        7.0750000000000007E-002  0.10808000000000000       0.54676999999999998     
   1.8700000000000001        9.8720000000000002E-002   8.4789999999999990E-002  0.54126000000000007     
   1.8800000000000001        3.4099999999999998E-003   4.4999999999999999E-004  0.70979000000000003     
   1.8900000000000001        6.4909999999999995E-002   6.7400000000000003E-003  0.64601999999999993     
   1.9000000000000001        0.0000000000000000        0.0000000000000000       0.70641999999999994     
   1.9100000000000001        2.1740000000000002E-002   5.7299999999999999E-003  0.68213999999999997     
   1.9199999999999999        0.0000000000000000        0.0000000000000000       0.70662999999999998     
   1.9299999999999999        0.0000000000000000        0.0000000000000000       0.70412999999999992     
   1.9399999999999999        2.3340000000000000E-002   1.3360000000000000E-002  0.66683999999999999     
   1.9500000000000000        3.3799999999999997E-002   3.3099999999999996E-003  0.66853000000000007     
   1.9600000000000000        0.0000000000000000        6.9899999999999990E-002  0.62785999999999997     
   1.9700000000000000        0.0000000000000000        0.0000000000000000       0.69514000000000009     
   1.9800000000000000        0.0000000000000000        0.0000000000000000       0.69496999999999998     
   1.9900000000000000        4.9500000000000004E-003   3.8000000000000002E-004  0.68559000000000003     
   2.0000000000000000        0.0000000000000000        0.0000000000000000       0.69184000000000001     
   2.0100000000000002        4.5450000000000004E-002   8.2000000000000009E-004  0.64959999999999996     
   2.0200000000000000        0.0000000000000000        0.0000000000000000       0.68338999999999994     
   2.0300000000000002        0.0000000000000000        0.0000000000000000       0.68278999999999990     
   2.0400000000000000        0.0000000000000000        0.0000000000000000       0.68527000000000005     
   2.0499999999999998        0.0000000000000000        0.0000000000000000       0.67986000000000002     
   2.0600000000000001        0.0000000000000000        0.0000000000000000       0.67859000000000003     
   2.0699999999999998        0.0000000000000000        0.0000000000000000       0.67412999999999990     
   2.0800000000000001        0.0000000000000000        0.0000000000000000       0.67323000000000000     
   2.0899999999999999        0.0000000000000000        0.0000000000000000       0.67330000000000001     
   2.1000000000000001        0.0000000000000000        0.0000000000000000       0.66811999999999994     
   2.1099999999999999        1.2300000000000000E-003   0.0000000000000000       0.66608000000000001     
   2.1200000000000001        3.8899999999999998E-003   0.0000000000000000       0.66519999999999990     
   2.1299999999999999        1.1559999999999999E-002   0.0000000000000000       0.65746000000000004     
   2.1400000000000001        1.4729999999999998E-002   0.0000000000000000       0.65131999999999990     
   2.1499999999999999        7.5899999999999995E-002   0.0000000000000000       0.60116999999999998     
   2.1600000000000001        9.7530000000000006E-002   0.0000000000000000       0.58340999999999998     
   2.1699999999999999       0.17370000000000002        0.0000000000000000       0.52420000000000000     
   2.1800000000000002       0.30437999999999998        0.0000000000000000       0.42159000000000002     
   2.1899999999999999       0.52247999999999994        0.0000000000000000       0.25559000000000004     
   2.2000000000000002       0.62364999999999982        0.0000000000000000       0.18348000000000000     
   2.2100000000000000       0.75995000000000013        0.0000000000000000        8.6139999999999994E-002
   2.2200000000000002       0.82524000000000020        0.0000000000000000        3.7760000000000002E-002
   2.2300000000000000       0.86499000000000004        0.0000000000000000        8.0800000000000004E-003
   2.2400000000000002       0.87836999999999998        0.0000000000000000        0.0000000000000000     
   2.2500000000000000       0.87646999999999975        0.0000000000000000        0.0000000000000000     
   2.2600000000000002       0.87649000000000010        0.0000000000000000        0.0000000000000000     
   2.2700000000000000       0.87594999999999990        0.0000000000000000        0.0000000000000000     
   2.2800000000000002       0.87792999999999988        0.0000000000000000        0.0000000000000000     
   2.2900000000000000       0.87594000000000016        0.0000000000000000        0.0000000000000000     
   2.3000000000000003       0.87282000000000015        0.0000000000000000        0.0000000000000000     
   2.3100000000000001       0.87536000000000003        0.0000000000000000        0.0000000000000000     
   2.3199999999999998       0.87443999999999988        0.0000000000000000        0.0000000000000000     
   2.3300000000000001       0.86890999999999996        0.0000000000000000        0.0000000000000000     
   2.3399999999999999       0.87219000000000013        0.0000000000000000        0.0000000000000000     
   2.3500000000000001       0.87412999999999985        0.0000000000000000        0.0000000000000000     
   2.3599999999999999       0.87129999999999996        0.0000000000000000        0.0000000000000000     
   2.3700000000000001       0.87153000000000014        0.0000000000000000        0.0000000000000000     
   2.3799999999999999       0.87062000000000006        0.0000000000000000        0.0000000000000000     
   2.3900000000000001       0.86822999999999995        0.0000000000000000        0.0000000000000000     
   2.3999999999999999       0.86808999999999992        0.0000000000000000        0.0000000000000000     
   2.4100000000000001       0.86820000000000008        0.0000000000000000        0.0000000000000000     
   2.4199999999999999       0.86673000000000011        0.0000000000000000        0.0000000000000000     
   2.4300000000000002       0.86609000000000003        0.0000000000000000        0.0000000000000000     
   2.4399999999999999       0.86309000000000002        0.0000000000000000        0.0000000000000000     
   2.4500000000000002       0.86573999999999995        0.0000000000000000        0.0000000000000000     
   2.4600000000000000       0.86482999999999988        0.0000000000000000        0.0000000000000000     
   2.4700000000000002       0.86326000000000003        0.0000000000000000        0.0000000000000000     
   2.4800000000000000       0.86183000000000010        0.0000000000000000        0.0000000000000000     
   2.4900000000000002       0.86044999999999994        0.0000000000000000        0.0000000000000000     
   2.5000000000000000       0.86158000000000001        0.0000000000000000        0.0000000000000000     
